00501,0
01001,0
1001,0
1002,1
10029,2
10038,3
10060,4
10090,5
10109,6
10118,7
10128,8
10151,9
10161,10
10171,11
10199,12
10256,13
10270,14
1028,15
10303,16
10311,17
1038,18
10458,19
10470,20
10504,21
10516,22
10526,23
10537,24
10548,25
10566,26
10580,27
10595,28
10605,29
1070,30
10709,31
10801,32
1086,33
10915,34
10924,35
1094,36
10958,37
1097,38
10981,39
10992,40
11005,41
11027,42
11053,43
11103,44
1119,45
11211,46
11222,47
11234,48
11249,49
11356,50
11366,51
11377,52
11411,53
11421,54
11431,55
11507,56
11531,57
11554,58
11566,59
11580,60
11693,61
11707,62
11720,63
11732,64
11746,65
11758,66
11770,67
11782,68
11793,69
11815,70
11937,71
11950,72
11960,73
11971,74
12008,75
12020,76
12032,77
12046,78
12058,79
12067,80
12077,81
12092,82
12117,83
12131,84
12141,85
12155,86
12167,87
12180,88
12190,89
12202,90
12214,91
1223,92
1224,93
12244,96
1229,95
12308,96
12345,0
12402,97
12416,98
12427,99
12436,100
12448,101
12457,102
12469,103
12482,104
12493,105
12507,106
12518,107
12528,108
12540,109
1255,110
12565,111
12575,112
12586,113
12603,114
12720,115
12733,116
12746,117
12759,118
12770,119
12784,120
12801,121
12816,122
12831,123
12842,124
12852,125
12862,126
12878,127
12911,128
12921,129
12933,130
12945,131
12959,132
12972,133
12983,134
12998,135
13029,136
13040,137
13056,138
13069,139
13083,140
13103,141
13116,142
13131,143
13142,144
13155,145
13166,146
13209,147
13221,148
1330,149
13313,150
13323,151
13334,152
13346,153
13362,154
13401,155
13411,156
13425,157
13439,158
13456,159
1347,160
13480,161
13491,162
1351,163
13607,164
13618,165
13628,166
13639,167
13648,168
13659,169
13668,170
13676,171
13684,172
13696,173
13736,174
13748,175
13757,176
13777,177
1379,178
13804,179
13815,180
13838,181
13848,182
13864,183
14008,184
14027,185
14038,186
14054,187
14065,188
14082,189
14103,190
14125,191
14136,192
14166,193
14201,194
14212,195
14223,196
14261,197
1430,198
1438,199
14422,200
14435,201
14456,202
14472,203
14486,204
1451,205
14519,206
14530,207
14544,208
14557,209
14572,210
14602,211
14612,212
14621,213
1464,214
14653,215
14707,216
14717,217
14727,218
14736,219
14745,220
14755,221
14774,222
14785,223
14807,224
14818,225
14830,226
14846,227
14859,228
14872,229
14883,230
14895,231
15005,232
15018,233
1503,234
15042,235
15052,236
15062,237
15071,238
15083,239
15091,240
15112,241
15133,242
15145,243
15202,244
15211,245
15220,246
1523,247
15239,248
15252,249
15262,250
15276,251
15290,252
15316,253
15329,254
15339,255
15349,256
15360,257
15370,258
15410,259
15421,260
15431,261
15442,262
15451,263
15463,264
15474,265
15485,266
15520,267
15537,268
15548,269
15559,270
15605,271
15617,272
15625,273
15635,274
15644,275
15661,276
15672,277
15681,278
1569,279
1570,280
15716,281
15729,282
15741,283
15754,284
15765,285
15778,286
15823,287
15840,288
15856,289
15870,290
15915,291
15929,292
15943,293
15955,294
16002,295
16024,296
16036,297
16049,298
16058,299
16101,300
16113,301
16125,302
1614,303
16151,304
16201,305
16222,306
16234,307
16248,308
16260,309
16317,310
16332,311
16347,312
16366,313
16388,314
16412,315
16427,316
16441,317
16508,318
16538,319
16611,320
16625,321
16638,322
16651,323
16663,324
16673,325
16684,326
16699,327
16732,328
16748,329
16822,330
16834,331
16845,332
16856,333
16870,334
16881,335
16922,336
16935,337
16947,338
17009,339
17018,340
17027,341
17037,342
17046,343
17055,344
17065,345
17075,346
17086,347
17101,348
17111,349
17127,350
17202,351
17220,352
17233,353
17246,354
17257,355
17268,356
17309,357
17319,358
17333,359
17350,360
17364,361
17403,362
1748,363
17509,364
17527,365
1754,366
17555,367
17568,368
17580,369
17604,370
17702,371
17728,372
17744,373
17756,374
17771,375
17812,376
17829,377
1784,378
17851,379
17862,380
17877,381
17888,382
17931,383
17944,384
17957,385
17968,386
17982,387
18014,388
18032,389
18043,390
18055,391
18067,392
18078,393
18091,394
18109,395
18212,396
18224,397
1824,398
18250,399
18302,400
18327,401
1834,402
1835,403
18370,404
18413,405
18425,406
18437,407
18447,408
18458,409
18470,410
18507,411
1852,412
18611,413
18622,414
18631,415
18644,416
18661,417
18708,418
18769,419
18816,420
18826,421
18840,422
18850,423
18902,424
18921,425
18932,426
18946,427
18958,428
18972,429
19002,430
19013,431
19022,432
19032,433
19041,434
19053,435
19064,436
19076,437
19087,438
19098,439
19107,440
19116,441
19126,442
19134,443
19143,444
19151,445
19171,446
19182,447
19193,448
1929,449
19319,450
19343,451
19354,452
19367,453
19380,454
19401,455
19421,456
19435,457
19444,458
19460,459
19475,460
19492,461
19506,462
19520,463
19536,464
19549,465
19567,466
1961,467
19706,468
19715,469
19732,470
19805,471
19850,472
19894,473
19906,474
19936,477
19958,476
19971,477
20001,0
20004,478
20012,479
20022,480
20035,481
20043,482
20055,483
20063,484
20071,485
20081,486
20106,487
20117,488
20131,489
20142,490
20155,491
20168,492
20180,493
20190,494
20202,495
20211,496
20219,497
20228,498
20239,499
20251,500
20268,501
20303,502
20330,503
20374,504
20390,505
20401,506
20409,507
20416,508
20425,509
20434,510
20442,511
20463,512
20500,513
20508,514
20521,515
20529,516
20537,517
20544,518
20553,519
20566,520
20578,521
20591,522
20604,523
20615,524
20624,525
20636,526
20656,527
2067,528
20684,529
20695,530
20708,531
20717,532
20726,533
20741,534
20749,535
20759,536
20772,537
20782,538
20792,539
20814,540
20833,541
20851,542
20866,543
20879,544
20892,545
20902,546
20912,547
21001,548
21020,549
21035,550
21047,551
21060,552
2108,553
21093,554
21113,555
21131,556
21150,557
21161,558
21204,559
21212,560
21220,561
21229,562
21239,563
2126,564
2128,565
21289,566
2135,567
21405,568
2149,569
21521,570
21536,571
21555,572
21610,573
21626,574
21638,575
21650,576
21660,577
21670,578
21690,579
21711,580
21721,581
21742,582
21759,583
21774,584
21783,585
21797,586
21814,587
21837,588
21851,589
21865,590
2189,591
21913,592
2196,593
22030,594
2204,595
22060,596
22102,597
2212,598
22152,599
22181,600
22201,601
22212,602
22227,603
22301,604
22310,605
22332,606
22404,607
22430,608
22448,609
22476,610
22508,611
22528,612
22545,613
22558,614
22580,615
22622,616
22641,617
22655,618
22711,619
22723,620
22733,621
22743,622
22810,623
22831,624
22844,625
22901,626
22908,627
22931,628
22945,629
22963,630
22976,631
23009,632
23024,633
2304,634
23059,635
23069,636
23085,637
23106,638
23115,639
23128,640
23148,641
23163,642
23181,643
23218,644
23226,645
23236,646
23260,647
23282,648
23293,649
23306,650
2332,651
23327,652
23350,653
23395,654
23407,655
23417,656
23429,657
23437,658
23450,659
23457,660
23463,661
2348,662
23501,663
2351,664
23523,665
2360,666
23608,667
2366,668
23669,669
2370,670
23709,671
2381,672
23832,673
23842,674
23860,675
23878,676
23890,677
23917,678
23936,679
23950,680
23966,681
24004,682
24013,683
24024,684
24033,685
24050,686
24064,687
24077,688
24089,689
24111,690
24126,691
24137,692
24150,693
24171,694
24201,695
24217,696
24236,697
24258,698
24279,699
24313,700
24326,701
24351,702
24375,703
24413,704
24433,705
2445,706
24467,707
24479,708
24503,709
2452,710
24530,711
24541,712
24557,713
24571,714
24586,715
24598,716
24608,717
24624,718
24640,719
2466,720
24724,721
24740,722
2481,723
24826,724
24845,725
24859,726
24872,727
24888,728
24918,729
24938,730
24957,731
24984,732
25009,733
25031,734
25048,735
25064,736
25085,737
25110,738
25125,739
25143,740
25165,741
25187,742
25213,743
25248,744
25267,745
25303,746
25317,747
25328,748
25338,749
25361,750
25392,751
25411,752
25425,753
25440,754
25505,755
25520,756
25537,757
2556,758
25573,759
25617,760
25637,761
25653,762
25676,763
25701,764
25710,765
25720,766
2574,767
25776,768
25818,769
25837,770
25849,771
25868,772
25902,773
25917,774
25938,775
25976,776
2601,777
26039,778
26062,779
26120,780
26147,781
26162,782
26187,783
26217,784
26237,785
26264,786
26278,787
26293,788
26320,789
26339,790
26354,791
26378,792
26410,793
26425,794
2644,795
2646,796
26505,797
26525,798
26546,799
26568,800
26582,801
2661,802
26627,803
26660,804
26680,805
2671,806
26726,807
26761,808
26812,809
26847,810
27009,811
27020,812
27031,813
27050,814
27102,815
27111,816
27130,817
27198,818
27209,819
27229,820
27244,821
2726,822
27283,823
27298,824
27314,825
27332,826
27356,827
27375,828
27404,829
27413,830
2743,831
27497,832
27509,833
27520,834
27531,835
27544,836
27560,837
27576,838
27591,839
27604,840
27614,841
27625,842
27650,843
27690,844
27706,845
27722,846
27808,847
27818,848
27829,849
27840,850
27851,851
27863,852
27873,853
27884,854
27895,855
27916,856
27927,857
27941,858
27954,859
27967,860
27981,861
28010,862
28024,863
28038,864
28055,865
28076,866
28088,867
28102,868
28112,869
28126,870
28137,871
28151,872
2817,873
28206,874
28215,875
28224,876
28234,877
28246,878
28260,879
28273,880
28284,881
2830,882
28309,883
28320,884
28333,885
28345,886
28356,887
28366,888
28376,889
28386,890
28396,891
28407,892
28422,893
28434,894
28447,895
28457,896
28467,897
28503,898
28518,899
28527,900
28540,901
28553,902
2857,903
2858,904
2859,905
28607,906
28617,907
28627,908
28637,909
28647,910
28657,911
28667,912
28678,913
28689,914
28702,915
28713,916
28722,917
28731,918
28740,919
2875,920
28759,921
28770,922
2878,923
2879,924
28805,925
2885,926
28909,927
29003,928
29020,929
29039,930
2905,931
29061,932
29073,933
2910,934
29113,935
29126,936
2914,937
29152,938
29168,939
29180,940
29208,941
29218,942
29228,943
29303,944
29322,945
29335,946
29353,947
29373,948
29388,949
29407,950
29418,951
29431,952
29442,953
29455,954
29469,955
29482,956
29502,957
29519,958
29543,959
29560,960
29574,961
29584,962
29596,963
29607,964
29616,965
29628,966
29640,967
29650,968
29661,969
29673,970
29684,971
29695,972
29710,973
29724,974
29741,975
29809,976
29826,977
29839,978
29849,979
29903,980
29914,981
29926,982
29938,983
30005,984
30016,985
30028,986
30039,987
30049,988
30065,989
30077,990
30087,991
30098,992
30110,993
30120,994
30133,995
30144,996
30156,997
30171,998
30184,999
30214,1000
30229,1001
30250,1002
30257,1005
30275,1004
30291,1005
30301,1
30303,1006
30313,1007
30324,1008
30336,1009
30346,1010
3036,1011
30371,1012
30394,1013
30414,1014
30428,1015
30445,1016
30454,1017
30467,1018
30499,1019
30512,1020
30521,1021
30533,1022
30542,1023
30555,1024
30567,1025
30581,1026
30606,1027
30623,1028
30634,1029
30647,1030
30667,1031
30701,1032
30721,1033
30734,1034
30750,1035
30803,1036
30815,1037
30824,1038
30905,1039
31002,1040
31012,1041
31021,1042
31030,1043
3104,1044
31051,1045
31062,1046
31075,1047
31086,1048
31095,1049
31126,1050
31195,1051
31211,1052
31303,1053
31315,1054
31327,1055
31406,1056
31418,1057
31516,1058
31533,1059
31547,1060
31558,1061
31569,1062
31623,1063
31636,1064
31650,1065
31708,1066
31730,1067
31756,1068
31773,1069
31787,1070
31799,1071
31812,1072
31826,1073
31903,1074
31995,1075
32011,1076
32040,1077
32055,1078
32067,1079
32084,1080
32097,1081
32116,1082
32125,1083
32135,1084
32147,1085
32163,1086
32177,1087
32189,1088
32204,1089
32214,1090
32224,1091
32234,1092
32245,1093
32259,1094
32303,1095
32312,1096
32323,1097
32333,1098
32345,1099
32357,1100
3240,1101
32410,1102
32425,1103
32435,1104
32446,1105
3246,1106
32501,1107
32511,1108
32524,1109
32538,1110
32549,1111
32565,1112
32578,1113
32602,1114
32611,1115
32625,1116
3264,1117
32658,1118
32681,1119
32702,1120
32714,1121
32724,1122
32738,1123
32753,1124
32767,1125
3278,1126
32793,1127
32804,1128
32815,1129
32826,1130
32837,1131
32860,1132
32886,1133
32903,1134
32912,1135
32931,1136
32950,1137
32959,1138
32968,1139
33004,1140
33016,1141
33025,1142
33034,1143
33045,1144
33070,1146
33082,1147
33101,1147
33111,1148
33128,1149
33138,1150
33149,1151
33160,1152
33170,1153
33181,1154
33192,1155
33231,1156
33256,1157
33301,1158
33310,1159
33319,1160
33328,1161
33338,1162
33359,1163
33407,1164
33415,1165
33424,1166
33433,1167
33443,1168
33459,1169
33468,1170
33478,1171
33493,1172
33513,1173
33537,1174
33548,1175
33567,1176
33576,1177
33594,1178
33606,1179
33616,1180
33626,1181
33650,1182
33675,1183
33688,1184
33707,1185
33716,1186
33738,1187
33757,1188
33767,1189
33779,1190
33804,1191
33823,1192
33839,1193
33850,1194
33860,1195
33875,1196
33890,1197
33908,1198
33919,1199
33935,1200
33951,1201
33967,1202
33982,1203
34105,1204
34119,1205
34141,1206
34206,1207
34218,1208
34231,1209
34241,1210
34268,1211
34281,1212
34292,1213
34423,1214
3444,1215
34453,1216
34474,1217
34484,1218
3452,1219
34606,1220
34636,1221
34656,1222
34677,1223
34688,1224
34705,1225
34739,1226
34749,1227
34771,1228
34797,1229
34953,1230
34982,1231
34992,1232
35011,1233
35031,1234
35045,1235
35057,1236
35072,1237
35089,1238
35116,1239
35127,1240
35144,1241
35172,1242
35184,1243
35206,1244
35216,1245
35228,1246
35242,1247
35261,1248
35293,1249
35404,1250
35447,1251
35461,1252
35474,1253
35490,1254
35545,1255
35559,1256
35576,1257
35587,1258
35612,1259
35622,1260
35647,1261
35662,1262
3574,1263
3575,1264
3576,1265
35769,1266
35802,1267
35811,1268
3585,1269
35899,1270
3595,1271
35960,1272
35972,1273
35984,1274
36009,1275
36023,1276
36032,1277
36041,1278
36052,1279
36068,1280
36082,1281
36102,1282
36111,1283
36120,1284
36140,1285
36206,1286
36260,1287
36271,1288
36301,1289
36317,1290
36344,1291
36370,1292
36427,1293
36449,1294
36470,1295
36502,1296
36521,1297
36532,1298
36544,1299
36558,1300
36572,1301
36583,1302
36607,1303
36619,1304
36675,1305
36722,1306
36744,1307
36758,1308
36775,1309
36802,1310
36854,1311
36866,1312
36901,1313
36922,1314
37019,1315
37030,1316
37041,1317
37051,1318
37063,1319
37073,1320
37085,1321
37101,1322
37128,1323
37137,1324
37149,1325
37167,1326
37184,1327
37203,1328
37213,1329
37224,1330
37240,1331
37304,1332
37314,1333
37326,1334
37336,1335
37349,1336
37360,1337
37373,1338
37383,1339
37398,1340
37409,1341
37422,1342
3751,1343
37605,1344
37641,1345
37659,1346
37681,1347
37692,1348
37710,1349
37723,1350
37737,1351
37754,1352
37769,1353
3780,1354
37811,1355
37822,1356
37841,1357
37853,1358
37867,1359
37878,1360
37891,1361
37919,1362
37932,1363
38001,1364
38015,1365
38027,1366
38040,1367
38052,1368
38066,1369
38083,1370
38109,1371
3812,1372
38132,1373
38148,1374
38166,1375
38183,1376
38201,1377
3823,1378
38241,1379
3826,1380
38305,1381
3832,1382
38332,1383
38344,1384
38358,1385
38369,1386
38379,1387
38392,1388
38449,1389
38459,1390
38472,1391
38483,1392
38504,1393
38544,1394
38554,1395
38564,1396
38574,1397
38585,1398
38609,1399
38621,1400
38633,1401
38644,1402
38655,1403
3867,1404
3868,1405
38704,1406
38730,1407
38744,1408
38759,1409
38772,1410
38802,1411
38829,1412
38846,1413
38857,1414
38869,1415
38879,1416
38920,1417
38930,1418
38948,1419
38959,1420
3897,1421
39044,1422
3906,1423
39074,1424
39087,1425
39107,1426
39119,1427
39150,1428
39162,1429
39175,1430
39192,1431
39209,1432
39236,1433
39296,1434
39322,1435
39336,1436
39350,1437
39363,1438
39407,1439
39437,1440
39459,1441
39475,1442
39503,1443
39530,1444
39558,1445
39569,1446
39602,1447
39645,1448
39663,1449
39704,1450
39743,1451
39756,1452
39776,1453
39828,1454
39851,1455
39886,1456
40011,1457
40025,1458
40040,1459
40052,1460
40063,1461
40076,1462
4011,1463
4013,1464
40152,1465
4017,1466
40202,1467
40210,1468
4022,1469
40232,1470
40253,1471
4027,1472
40289,1473
40298,1474
4032,1475
4034,1476
40356,1477
40371,1478
40387,1479
4041,1480
40442,1481
40464,1482
40486,1483
40506,1484
40515,1485
40544,1486
40577,1487
40601,1488
40622,1489
40724,1490
40744,1491
4079,1492
40819,1493
40831,1494
40856,1495
4088,1496
40923,1497
40944,1498
40965,1499
40997,1500
41010,1501
41022,1502
41040,1503
41051,1504
41063,1505
4108,1506
41094,1507
41114,1508
41143,1509
41171,1510
41203,1511
41231,1512
41257,1513
41301,1514
41360,1515
41413,1516
41503,1517
41528,1518
41547,1519
41562,1520
41604,1521
41631,1522
41651,1523
41712,1524
41735,1525
41760,1526
41778,1527
41826,1528
41840,1529
41862,1530
42028,1531
42040,1532
42054,1533
42070,1534
42087,1535
42122,1536
42140,1537
42160,1538
42201,1539
42217,1540
4224,1541
42262,1542
42285,1543
42321,1544
42333,1545
42348,1546
42366,1547
42377,1548
4241,1549
42440,1550
42456,1551
42501,1552
42539,1553
42566,1554
42629,1555
4265,1556
42713,1557
42726,1558
42748,1559
42762,1560
4284,1561
43002,1562
43014,1563
43027,1564
43040,1565
43056,1566
43069,1567
43081,1568
43105,1569
43117,1570
43137,1571
43149,1572
43158,1573
43205,1574
43216,1575
43227,1576
43251,1577
4330,1578
43319,1579
43331,1580
43343,1581
43357,1582
43408,1583
43431,1584
43440,1585
43452,1586
43467,1587
43505,1588
4352,1589
4353,1590
43541,1591
43553,1592
43569,1593
43606,1594
43617,1595
43659,1596
43711,1597
43724,1598
43736,1599
43754,1600
43766,1601
43782,1602
43805,1603
43837,1604
43906,1605
43917,1606
43934,1607
43945,1608
43963,1609
43977,1610
44005,1611
44024,1612
44041,1613
44055,1614
44068,1615
44084,1616
44095,1617
44106,1618
44115,1619
44124,1620
44133,1621
44142,1622
4418,1623
44197,1624
44214,1625
44231,1626
44243,1627
44262,1628
44278,1629
4430,1630
44310,1631
44326,1632
44402,1633
44413,1634
44425,1635
44438,1636
44449,1637
44473,1638
44491,1639
44507,1640
4454,1641
44608,1642
44619,1643
44629,1644
44640,1645
44652,1646
44665,1647
44678,1648
44689,1649
44704,1650
4472,1651
4478,1652
44814,1653
44828,1654
44843,1655
44853,1656
44865,1657
44880,1658
44901,1659
4495,1660
45013,1661
45040,1662
45056,1663
45070,1664
45113,1665
45131,1666
45150,1667
45162,1668
45177,1669
45211,1670
45221,1671
45232,1672
45242,1673
45252,1674
45269,1675
45299,1676
45310,1677
45322,1678
45333,1679
45343,1680
45352,1681
45367,1682
45378,1683
45389,1684
4541,1685
45422,1686
45433,1687
45458,1688
4549,1689
4554,1690
45619,1691
45630,1692
45645,1693
45657,1694
45674,1695
45684,1696
45696,1697
45713,1698
45724,1699
45741,1700
45761,1701
45775,1702
45786,1703
45808,1704
45821,1705
45837,1706
45849,1707
45862,1708
45872,1709
45883,1710
45894,1711
46013,1712
46035,1713
46049,1714
46060,1715
46070,1716
46103,1717
46115,1718
46126,1719
46140,1720
46155,1721
46165,1722
46176,1723
46203,1724
46217,1725
46227,1726
46239,1727
46251,1728
46268,1729
46285,1730
46303,1731
46322,1732
46347,1733
46365,1734
46377,1735
46392,1736
46409,1737
4650,1738
46515,1739
46531,1740
46543,1741
46555,1742
46572,1743
46601,1744
46626,1745
46680,1746
46711,1747
46732,1748
46747,1749
46765,1750
46777,1751
46787,1752
46797,1753
46808,1754
4684,1755
46857,1756
46866,1757
46902,1758
46917,1759
46931,1760
46941,1761
46958,1762
46975,1763
46988,1764
47003,1765
47021,1766
47035,1767
47102,1768
47116,1769
47129,1770
47140,1771
47160,1772
47174,1773
47224,1774
47235,1775
47260,1776
47281,1777
4732,1778
47334,1779
47345,1780
47357,1781
47369,1782
47383,1783
47394,1784
47408,1785
47431,1786
47441,1787
47455,1788
47465,1789
47512,1790
47525,1791
47545,1792
47558,1793
47576,1794
47590,1795
47612,1796
4763,1797
47647,1798
4768,1799
47708,1800
4772,1801
47731,1802
47747,1803
47804,1804
47833,1805
47848,1806
47858,1807
4787,1808
47881,1809
47906,1810
47924,1811
47942,1812
47955,1813
47967,1814
47981,1815
47992,1816
48005,1817
48023,1818
48036,1819
48046,1820
48062,1821
48072,1822
48084,1823
48096,1824
48108,1825
48118,1826
48131,1827
48143,1828
48159,1829
48173,1830
48185,1831
48197,1832
48210,1833
48221,1834
48232,1835
48244,1836
48277,1837
48308,1838
48318,1839
48328,1840
48341,1841
48359,1842
48376,1843
48393,1844
48417,1845
4843,1846
48441,1847
48456,1848
48467,1849
48480,1850
4851,1851
48552,1852
48602,1853
48612,1854
48622,1855
48631,1856
48642,1857
48656,1858
48701,1859
48724,1860
48735,1861
48747,1862
48761,1863
48801,1864
48815,1865
48825,1866
48836,1867
48847,1868
48857,1869
48871,1870
48881,1871
48891,1872
48910,1873
48929,1874
49004,1875
49013,1876
49023,1877
49033,1878
49043,1879
49056,1880
49067,1881
49078,1882
49089,1883
49099,1884
49112,1885
49128,1886
4921,1887
49233,1888
49242,1889
49253,1890
49263,1891
49272,1892
49285,1893
49305,1894
49318,1895
49328,1896
49339,1897
49349,1898
49401,1899
49412,1900
49423,1901
49435,1902
49446,1903
49456,1904
4949,1905
49509,1906
49523,1907
4955,1908
49610,1909
49620,1910
49631,1911
49640,1912
49651,1913
49665,1914
49677,1915
49689,1916
4971,1917
4972,1918
49729,1919
49740,1920
49752,1921
49764,1922
49779,1923
4979,1924
49805,1925
49818,1926
49831,1927
49841,1928
49858,1929
49871,1930
49883,1931
49895,1932
49915,1933
49927,1934
49947,1935
49962,1936
50002,1937
50013,1938
50031,1939
50042,1940
50055,1941
50066,1942
50078,1943
50107,1944
50120,1945
50132,1946
50143,1947
50154,1948
50165,1949
50207,1950
50220,1951
50233,1952
50244,1953
50257,1954
50269,1955
50302,1956
50312,1957
50322,1958
50333,1959
50360,1960
50381,1961
50401,1962
50428,1963
50439,1964
50452,1965
50461,1966
50472,1967
50482,1968
50515,1969
50525,1970
50535,1971
50545,1972
50559,1973
50570,1974
50581,1975
50593,1976
50604,1977
50614,1978
50627,1979
50638,1980
50650,1981
50661,1982
50671,1983
50682,1984
5073,1985
50833,1986
50846,1987
5086,1988
50947,1989
51008,1990
51019,1991
51031,1992
51045,1993
51056,1994
51105,1995
51237,1996
51248,1997
51343,1998
51360,1999
51432,2000
51447,2001
5146,2002
5150,2003
51523,2004
51533,2005
51544,2006
51554,2007
51563,2008
51577,2009
51630,2010
51648,2011
52004,2012
52039,2013
52049,2014
52066,2015
52077,2016
52140,2017
52156,2018
52166,2019
52205,2020
52215,2021
52227,2022
52242,2023
52254,2024
52312,2025
52324,2026
52336,2027
52348,2028
52362,2029
52410,2030
52530,2031
52543,2032
52555,2033
52568,2034
52580,2035
52594,2036
52624,2037
52639,2038
52651,2039
52720,2040
52734,2041
52749,2042
52759,2043
52773,2044
52806,2045
53007,2046
53017,2047
53027,2048
53038,2049
53050,2050
53063,2051
53076,2052
53089,2053
53101,2054
53118,2055
53130,2056
53146,2057
53157,2058
53178,2059
53189,2060
53205,2061
53215,2062
53225,2063
53267,2064
53402,2065
5345,2066
5351,2067
53522,2068
53533,2069
53544,2070
53555,2071
53566,2072
53578,2073
53587,2074
53599,2075
53707,2076
53744,2077
53789,2078
53806,2079
53820,2080
53916,2081
53929,2082
53940,2083
53951,2084
53961,2085
54004,2086
54015,2087
54026,2088
54101,2089
54114,2090
54128,2091
54141,2092
54157,2093
54174,2094
54209,2095
54214,2098
54241,2097
54307,2098
54321,1
54402,2099
54411,2100
54422,2101
54433,2102
54446,2103
54457,2104
54469,2105
5448,2106
5449,2107
54501,2108
54520,2109
54532,2110
54543,2111
54557,2112
54568,2113
54611,2114
54621,2115
54630,2116
54641,2117
54651,2118
54660,2119
5469,2120
54723,2121
54733,2122
54742,2123
54755,2124
54764,2125
54773,2126
54813,2127
54826,2128
54838,2129
54848,2130
5486,2131
54872,2132
54890,2133
54906,2134
54921,2135
54933,2136
54944,2137
54960,2138
54970,2139
54983,2140
55007,2141
55017,2142
55030,2143
55044,2144
55056,2145
55071,2146
55082,2147
55102,2148
55112,2149
55122,2150
55144,2151
55187,2152
55309,2153
55319,2154
55330,2155
55341,2156
55352,2157
55362,2158
55373,2159
55383,2160
55396,2161
55408,2162
55418,2163
55428,2164
55438,2165
55447,2166
55470,2167
55486,2168
55570,2169
55583,2170
55602,2171
55616,2172
55712,2173
55724,2174
55738,2175
55751,2176
55766,2177
55781,2178
55795,2179
55807,2180
55903,2181
55920,2182
55933,2183
55946,2184
55959,2185
55970,2186
55982,2187
56003,2188
56019,2189
56028,2190
56037,2191
56050,2192
56063,2193
56080,2194
56090,2195
56115,2196
56127,2197
56141,2198
56152,2199
56165,2200
56176,2201
56207,2202
56219,2203
56229,2204
56243,2205
56257,2206
56273,2207
56284,2208
56296,2209
56311,2210
56323,2211
56332,2212
56343,2213
56356,2214
56368,2215
56379,2216
56395,2217
56431,2218
56444,2219
56458,2220
56470,2221
5649,2222
56517,2223
56527,2224
56538,2225
56549,2226
56561,2227
56571,2228
56580,2229
56592,2230
56626,2231
56637,2232
56651,2233
56661,2234
56672,2235
56685,2236
56713,2237
56726,2238
56736,2239
56750,2240
56761,2241
56901,2242
57004,2243
57017,2244
57029,2245
57039,2246
57051,2247
57064,2248
57076,2249
57109,2250
57213,2251
57226,2252
57241,2253
57255,2254
57266,2255
5730,2256
57321,2257
57332,2258
57346,2259
57359,2260
57369,2261
57380,2262
57401,2263
57429,2264
5744,2265
57452,2266
57468,2267
57479,2268
57529,2269
57543,2270
57563,2271
57576,2272
5761,2273
57632,2274
57645,2275
57659,2276
57703,2277
57722,2278
57744,2279
57756,2280
57767,2281
57780,2282
57794,2283
58012,2284
58032,2285
58047,2286
58060,2287
58074,2288
58106,2289
58201,2290
58210,2291
58225,2292
58237,2293
58251,2294
58265,2295
58275,2296
58310,2297
58327,2298
58344,2299
58361,2300
58374,2301
5840,2302
58420,2303
58431,2304
58448,2305
58463,2306
58479,2307
58490,2308
58504,2309
5853,2310
58545,2311
58564,2312
58575,2313
5861,2314
58630,2315
58644,2316
58655,2317
5871,2318
58725,2319
58740,2320
58758,2321
58772,2322
58787,2323
58830,2324
58853,2325
5901,2326
5902,2327
59031,2328
59041,2329
59055,2330
59066,2331
59075,2332
59086,2333
59107,2334
59212,2335
59225,2336
59248,2337
59261,2338
59313,2339
59327,2340
59345,2341
59405,2342
59421,2343
59440,2344
59452,2345
59466,2346
59483,2347
59524,2348
59538,2349
59620,2350
59635,2351
59645,2352
59714,2353
59725,2354
59739,2355
59751,2356
59762,2357
59812,2358
59831,2359
59845,2360
59860,2361
59873,2362
59915,2363
59926,2364
59937,2365
60010,2366
6002,2367
60035,2368
60047,2369
60062,2370
60075,2371
60087,2372
60099,2373
6011,2374
60121,2375
60133,2376
60144,2377
60156,2378
60168,2379
60179,2380
6019,2381
6020,2382
6024,2383
60304,2384
6040,2385
60411,2386
60424,2387
60435,2388
60446,2389
60456,2390
60466,2391
60477,2392
60499,2393
60511,2394
60520,2395
60534,2396
60546,2397
60568,2399
60601,2400
60611,2401
60621,2402
60632,2403
60643,2404
60655,2405
6067,2406
60684,2407
60695,2408
6072,2409
60804,2410
6089,2411
60917,2412
60928,2413
60938,2414
60949,2415
60958,2416
60968,2417
6101,2418
6102,2419
61032,2420
61046,2421
61057,2422
61068,2423
61079,2424
61091,2425
61109,2426
61130,2427
61204,2428
61238,2429
61254,2430
61264,2431
61277,2432
61299,2433
61318,2434
61328,2435
61338,2436
61353,2437
61368,2438
61378,2439
61414,2440
61423,2441
61434,2442
61447,2443
61459,2444
61470,2445
61480,2446
61501,2447
61528,2448
61537,2449
61547,2450
61560,2451
61571,2452
61610,2453
61634,2454
61653,2455
61710,2456
61730,2457
61740,2458
61752,2459
61769,2460
61791,2461
61814,2462
61826,2463
61842,2464
61852,2465
61864,2466
61877,2467
61917,2468
61936,2469
61955,2470
62012,2471
62023,2472
62034,2473
62049,2474
62061,2475
62076,2476
62086,2477
62097,2478
62208,2479
62223,2480
62238,2481
62248,2482
62259,2483
62269,2484
62281,2485
62295,2486
62314,2487
6233,2488
62345,2489
62356,2490
6237,2491
62401,2492
62420,2493
62431,2494
62441,2495
62451,2496
62464,2497
62475,2498
62501,2499
62521,2500
62535,2501
62545,2502
62555,2503
62568,2504
62612,2505
62627,2506
6264,2507
62656,2508
62667,2509
6268,2510
62691,2511
62706,2512
62726,2513
62766,2514
62791,2515
6281,2516
6282,2517
62831,2518
62842,2519
62855,2520
62866,2521
62878,2522
62889,2523
62899,2524
62914,2525
62924,2526
62939,2527
62951,2528
62961,2529
62972,2530
62985,2531
62999,2532
63017,2533
63030,2534
63041,2535
63051,2536
63068,2537
63084,2538
63103,2539
63111,2540
63120,2541
63129,2542
63138,2543
63150,2544
63164,2545
63180,2546
63302,2547
63336,2548
63347,2549
6336,2550
63370,2551
63383,2552
63401,2553
63440,2554
63453,2555
63465,2556
6350,2557
63537,2558
63548,2559
63561,2560
63621,2561
63631,2562
63650,2563
63665,2564
63703,2565
63739,2566
6375,2567
63766,2568
6378,2569
63801,2570
63828,2571
63841,2572
63853,2573
6387,2574
63880,2575
63934,2576
63945,2577
63962,2578
64013,2579
64024,2580
64040,2581
64057,2582
64068,2583
64079,2584
64089,2585
64102,2586
64114,2587
64125,2588
64134,2589
64147,2590
64156,2591
64167,2592
64188,2593
6422,2594
6441,2595
64429,2596
64439,2597
64451,2598
64466,2599
64476,2600
64487,2601
64499,2602
6451,2603
64623,2604
64637,2605
64648,2606
64659,2607
64673,2608
64689,2609
64725,2610
6474,2611
6475,2612
64767,2613
64781,2614
6481,2615
64840,2616
64855,2617
64866,2618
6492,2619
65013,2620
65026,2621
65041,2622
65052,2623
65064,2624
65076,2625
65085,2626
65108,2627
6517,2628
65215,2629
6524,2630
65255,2631
65265,2632
65283,2633
6531,2634
65329,2635
65339,2636
65354,2637
65438,2638
65457,2639
65483,2640
65543,2641
65565,2642
65589,2643
65610,2644
65622,2645
65633,2646
65647,2647
65660,2648
65673,2649
65689,2650
65711,2651
65724,2652
65735,2653
65747,2654
65762,2655
65774,2656
65788,2657
65806,2658
65899,2659
66015,2660
66026,2661
66040,2662
6605,2663
66061,2664
66075,2665
66088,2666
66102,2667
66112,2668
66201,2669
66211,2670
66221,2671
66282,2672
66408,2673
66420,2674
66432,2675
66502,2676
66516,2677
66531,2678
66541,2679
66554,2680
66612,2681
66625,2682
66711,2683
6673,2684
66743,2685
66759,2686
66775,2687
66833,2688
66849,2689
66860,2690
66872,2691
66940,2692
66953,2693
66966,2694
67008,2695
67020,2696
67030,2697
67045,2698
67056,2699
67067,2700
67103,2701
67114,2702
67132,2703
67147,2704
67201,2705
67210,2706
6722,2707
67235,2708
67330,2709
67344,2710
67357,2711
67420,2712
67438,2713
67450,2714
67464,2715
67480,2716
67492,2717
67514,2718
67525,2719
67547,2720
67560,2721
67573,2722
6759,2723
6763,2724
67644,2725
67657,2726
67671,2727
67734,2728
67747,2729
67761,2730
67831,2731
67843,2732
67859,2733
6787,2734
67905,2735
67954,2736
68009,2737
68023,2738
68038,2739
68050,2740
68066,2741
68102,2742
68112,2743
68124,2744
68137,2745
68157,2746
68183,2747
68304,2748
68318,2749
68329,2750
68341,2751
68352,2752
68365,2753
68379,2754
68405,2755
68419,2756
68434,2757
68445,2758
68458,2759
68502,2760
68512,2761
68526,2762
6855,2763
68622,2764
68635,2765
68649,2766
68663,2767
68713,2768
68725,2769
68736,2770
68749,2771
6876,2772
68770,2773
68783,2774
6880,2775
68817,2776
6883,2777
68842,2778
68854,2779
68866,2780
6888,2781
68924,2782
68936,2783
68947,2784
6896,2785
68973,2786
6901,2787
69029,2788
6904,2789
6907,2790
69125,2791
69138,2792
69149,2793
69162,2794
6920,2795
6922,2796
69337,2797
69351,2798
69363,2799
70006,2800
70033,2801
70044,2802
70055,2803
70064,2804
70073,2805
70083,2806
70093,2807
70116,2808
70125,2809
70141,2810
70153,2811
70163,2812
70176,2813
70185,2814
7023,2815
70310,2816
70345,2817
70359,2818
70375,2819
70394,2820
70420,2821
70435,2822
70446,2823
70454,2824
70463,2825
70501,2826
70510,2827
7052,2828
70529,2829
70541,2830
70552,2831
7057,2832
70582,2833
70596,2834
70611,2835
70633,2836
70646,2837
70657,2838
70668,2839
70710,2840
70722,2841
70732,2842
70743,2843
70754,2844
70763,2845
70774,2846
70784,2847
7080,2848
70807,2849
70813,2850
70820,2851
70831,2852
70874,2853
70895,2854
7097,2855
7101,2856
71029,2857
7104,2858
71050,2859
71065,2860
71075,2861
71103,2862
71111,2863
71130,2864
71149,2865
71163,2866
71207,2867
71221,2868
71234,2869
71249,2870
71264,2871
71279,2872
71295,2873
71322,2874
71333,2875
71348,2876
71360,2877
71373,2878
71410,2879
71424,2880
71434,2881
71450,2882
71462,2883
71475,2884
71602,2885
71640,2886
71656,2887
71670,2888
71722,2889
71745,2890
71759,2891
71820,2892
71835,2893
71846,2894
71860,2895
71902,2896
71921,2897
71941,2898
71957,2899
71970,2900
72004,2901
72016,2902
72026,2903
72035,2904
72044,2905
72058,2906
72068,2907
72079,2908
72089,2909
72110,2910
72119,2911
72130,2912
72142,2913
72164,2914
72179,2915
72204,2916
72216,2917
72295,2918
72320,2919
72331,2920
72346,2921
72359,2922
72373,2923
72390,2924
72410,2925
72424,2926
72435,2927
72447,2928
72459,2929
72471,2930
72503,2931
72524,2932
72534,2933
72546,2934
72565,2935
72577,2936
72613,2937
72630,2938
72642,2939
72659,2940
72677,2941
72703,2942
72721,2943
72736,2944
72749,2945
72764,2946
72802,2947
72830,2948
72843,2949
72858,2950
72908,2951
72927,2952
72940,2953
72951,2954
73005,2955
73016,2956
73026,2957
73038,2958
73049,2959
73059,2960
73069,2961
7308,2962
73095,2963
73105,2964
73113,2965
73122,2966
73131,2967
73142,2968
73151,2969
73162,2970
73178,2971
73301,2972
73436,2973
73448,2974
73463,2975
73520,2976
73533,2977
73546,2978
73556,2979
73568,2980
73626,2981
73646,2982
73662,2983
73705,2984
73728,2985
73741,2986
73755,2987
73768,2988
73840,2989
73858,2990
73944,2991
74002,2992
74013,2993
74023,2994
74035,2995
74047,2996
74059,2997
74072,2998
74083,2999
74110,3000
74129,3001
74147,3002
74169,3003
74193,3004
74331,3005
74345,3006
7436,3007
74370,3008
74423,3009
74435,3010
74445,3011
74459,3012
74469,3013
74521,3014
74536,3015
74555,3016
74565,3017
74578,3018
74632,3019
74650,3020
74724,3021
74737,3022
74753,3023
74801,3024
74829,3025
74842,3026
74855,3027
74869,3028
74901,3029
74942,3030
74954,3031
75001,3032
75016,3033
75027,3034
7504,3035
7505,3036
75060,3037
75074,3038
75086,3039
75098,3040
75110,3041
75124,3042
7514,3043
75161,3045
75180,3046
75201,3046
75206,3047
75218,3048
75228,3049
7524,3050
75251,3051
75267,3052
75313,3053
75357,3054
75376,3055
75393,3056
75410,3057
75422,3058
75434,3059
75444,3060
75456,3061
75472,3062
75482,3063
75494,3064
75554,3065
75566,3066
75602,3067
75636,3068
75650,3069
75662,3070
75681,3071
75693,3072
75711,3073
75759,3074
75773,3075
75791,3076
75834,3077
75850,3078
75862,3079
75915,3080
75936,3081
75949,3082
75964,3083
75977,3084
76006,3085
76015,3086
7603,3087
76043,3088
76058,3089
76068,3090
76086,3091
76099,3092
76110,3093
76120,3094
76132,3095
76155,3096
76182,3097
7620,3098
76210,3099
76240,3100
76253,3101
76267,3102
76302,3103
76351,3104
76370,3105
76389,3106
7643,3107
76443,3108
76455,3109
76466,3110
7648,3111
7650,3112
76520,3113
76531,3114
76547,3115
76564,3116
76578,3117
76623,3118
76634,3119
76644,3120
76657,3121
76676,3122
76689,3123
76706,3124
7677,3125
76824,3126
76844,3127
76859,3128
76874,3129
76888,3130
76930,3131
76943,3132
77002,3133
77012,3134
77022,3135
77032,3136
77042,3137
77053,3138
77064,3139
77075,3140
77086,3141
77098,3142
7720,3143
77210,3144
77222,3145
77233,3146
77244,3147
77258,3148
7727,3149
77282,3150
7730,3151
77318,3152
77334,3153
77343,3154
77353,3155
77364,3156
77376,3157
77385,3158
7740,3159
77414,3160
77429,3161
77441,3162
77452,3163
77461,3164
77471,3165
77481,3166
77492,3167
77504,3168
77515,3169
77530,3170
77542,3171
77554,3172
77568,3173
77580,3174
77591,3175
77617,3176
7763,3177
7765,3178
77663,3179
77707,3180
77806,3181
77838,3182
77855,3183
77868,3184
77881,3185
77960,3186
77973,3187
77986,3188
78001,3189
78011,3190
78023,3191
78042,3192
78058,3193
78067,3194
78104,3195
78118,3196
78133,3197
78150,3198
78163,3199
78208,3200
78217,3201
78226,3202
78235,3203
78245,3204
78254,3205
78264,3206
78280,3207
78294,3208
78330,3209
78342,3210
78358,3211
7837,3212
7838,3213
78391,3214
78407,3215
78416,3216
7846,3217
7848,3218
7852,3219
78538,3220
7855,3221
78561,3222
78572,3223
78583,3224
78594,3225
78606,3226
78617,3227
78628,3228
78638,3229
78650,3230
7866,3231
78670,3232
78682,3233
78709,3234
78719,3235
78730,3236
78741,3237
78752,3238
78762,3239
78774,3240
7882,3241
78838,3242
78852,3243
78881,3244
78935,3245
78949,3246
78962,3247
79011,3248
79024,3249
79040,3250
79056,3251
79070,3252
79084,3253
79097,3254
79110,3255
79166,3256
7922,3257
79234,3258
79247,3259
7926,3260
7932,3261
79338,3262
79351,3263
79366,3264
7938,3265
79406,3266
79423,3267
79493,3268
79511,3269
79528,3270
79540,3271
79556,3272
79603,3273
79699,3274
79711,3275
79734,3276
79748,3277
79762,3278
79777,3279
7979,3280
79837,3281
79851,3282
79906,3283
79918,3284
79931,3285
79944,3286
79955,3287
79996,3288
8001,3289
8002,3290
80030,3291
80041,3292
8010,3293
8011,3294
80121,3295
80131,3296
80150,3297
8018,3298
80209,3299
8022,3300
8023,3301
80241,3302
80256,3303
8027,3304
80299,3305
8031,3306
8039,3307
80424,3308
80435,3309
80448,3310
80459,3311
80473,3312
80482,3313
80503,3314
8052,3315
8053,3316
8054,3317
80550,3318
8061,3319
80624,3320
80643,3321
80654,3322
80720,3323
80733,3324
80745,3325
80759,3326
80807,3327
80817,3328
80828,3329
8084,3330
80866,3331
80905,3332
80913,3333
80921,3334
8093,3335
80938,3336
8095,3337
8098,3338
81008,3339
81023,3340
81039,3341
81050,3342
81067,3343
81087,3344
81121,3345
81132,3346
81146,3347
81210,3348
81226,3349
81239,3350
81290,3351
81327,3352
81403,3353
81423,3354
81434,3355
81521,3356
81612,3357
81633,3358
81646,3359
81658,3360
8202,3361
82059,3362
82084,3363
8220,3364
82221,3365
82242,3366
82321,3367
82335,3368
8242,3369
82432,3370
82450,3371
82514,3372
82605,3373
82640,3374
82712,3375
82729,3376
82837,3377
82923,3378
82937,3379
83011,3380
83112,3381
83122,3382
8317,3383
83209,3384
8322,3385
83233,3386
83245,3387
83261,3388
8328,3389
83303,3390
83323,3391
83337,3392
83350,3393
83405,3394
83425,3395
83438,3396
83449,3397
83464,3398
8352,3399
83535,3400
83547,3401
83605,3402
8362,3403
83632,3404
83644,3405
83656,3406
83680,3407
83711,3408
83726,3409
83804,3410
83815,3411
83833,3412
83845,3413
83855,3414
83868,3415
84003,3416
84013,3417
84023,3418
84033,3419
84043,3420
84053,3421
84063,3422
84074,3423
84086,3424
84096,3425
84107,3426
84116,3427
84125,3428
84134,3429
84150,3430
84184,3431
84306,3432
84316,3433
84327,3434
84337,3435
84408,3436
84516,3437
84531,3438
84601,3439
84626,3440
84637,3441
84649,3442
84664,3443
84718,3444
84729,3445
84739,3446
84751,3447
84761,3448
84773,3449
84790,3450
85009,3451
85018,3452
85027,3453
85037,3454
85046,3455
85063,3456
85073,3457
85086,3458
85121,3459
8514,3460
8518,3461
85207,3462
85225,3463
85250,3464
8526,3465
8527,3466
85285,3467
85302,3468
85312,3469
85328,3470
85338,3471
85347,3472
85357,3473
85367,3474
85379,3475
85395,3476
8553,3477
85541,3478
85552,3479
85605,3480
85615,3481
85624,3482
85635,3483
85646,3484
85701,3485
85713,3486
85725,3487
85739,3488
85751,3489
85920,3490
85932,3491
86001,3492
86018,3493
8603,3494
8604,3495
86054,3496
8628,3497
86315,3498
86331,3499
86341,3500
86405,3501
86430,3502
8644,3503
8647,3504
86510,3505
86545,3506
87006,3507
87015,3508
87026,3509
87038,3510
87049,3511
87064,3512
87105,3513
87114,3514
87124,3515
87181,3516
87195,3517
8730,3518
87316,3519
87327,3520
87375,3521
87415,3522
87499,3523
87509,3524
87518,3525
87529,3526
8754,3527
87552,3528
87565,3529
87577,3530
87594,3531
87723,3532
87740,3533
87820,3534
87832,3535
87941,3536
88007,3537
88023,3538
88032,3539
88044,3540
88054,3541
8808,3542
88116,3543
88130,3544
88202,3545
88231,3546
88254,3547
8827,3548
88316,3549
88336,3550
88346,3551
8836,3552
88419,3553
88436,3554
88515,3555
88527,3556
88538,3557
88548,3558
88560,3559
88571,3560
88581,3561
88595,3562
8872,3563
8887,3564
89004,3565
89013,3566
89023,3567
89032,3568
89043,3569
89060,3570
89087,3571
89111,3572
89122,3573
89133,3574
89144,3575
89155,3576
89166,3577
89193,3578
89319,3579
89411,3580
89424,3581
89435,3582
89447,3583
89503,3584
89519,3585
89702,3586
89706,3589
89826,3588
90001,2
90010,3590
90019,3591
90028,3592
90037,3593
90046,3594
90055,3595
90064,3596
90073,3597
90082,3598
90093,3599
90210,3600
90230,3601
90248,3602
90263,3603
90277,3604
90296,3605
90309,3606
90406,3607
90504,3608
90604,3609
90623,3610
90650,3611
90701,3612
90713,3613
90732,3614
90748,3615
90807,3616
90832,3617
90848,3618
91010,3619
91025,3620
91077,3621
91109,3622
91124,3623
91201,3624
91210,3625
91303,3626
91313,3627
91327,3628
91340,3629
91352,3630
91361,3631
91380,3632
91392,3633
91405,3634
91416,3635
91501,3636
91522,3637
91607,3638
91616,3639
91711,3640
91731,3641
91743,3642
91754,3643
91765,3644
91776,3645
91791,3646
91902,3647
91914,3648
91941,3649
91963,3650
92007,3651
92021,3652
92033,3653
92054,3654
92066,3655
92079,3656
92093,3657
92109,3658
92119,3659
92130,3660
92142,3661
92158,3662
92170,3663
92182,3664
92198,3665
92225,3666
92239,3667
92250,3668
92259,3669
92270,3670
92282,3671
92308,3672
92317,3673
92328,3674
92338,3675
92350,3676
92365,3677
92376,3678
92392,3679
92403,3680
92413,3681
92505,3682
92517,3683
92539,3684
92554,3685
92571,3686
92590,3687
92605,3688
92619,3689
92637,3690
92655,3691
92673,3692
92685,3693
92702,3694
92735,3695
92807,3696
92823,3697
92840,3698
92859,3699
92870,3700
92886,3701
93010,3702
93023,3703
93042,3704
93067,3705
93108,3706
93130,3707
93205,3708
93221,3709
93237,3710
93249,3711
93261,3712
93274,3713
93287,3714
93308,3715
93386,3716
93406,3717
93422,3718
93433,3719
93443,3720
93452,3721
93463,3722
93512,3723
93526,3724
93539,3725
93552,3726
93581,3727
93603,3728
93614,3729
93626,3730
93639,3731
93650,3732
93664,3733
93703,3734
93715,3735
93727,3736
93755,3737
93777,3738
93901,3739
93922,3740
93940,3741
94002,3742
94020,3743
94030,3744
94039,3747
94074,3746
94102,3747
94103,3
94109,3748
94116,3749
94122,3750
94128,3751
94134,3752
94143,3753
94158,3754
94172,3755
94208,3756
94237,3757
94252,3758
94267,3759
94280,3760
94290,3761
94301,3762
94404,3763
94510,3764
94520,3765
94529,3766
94540,3767
94550,3768
94562,3769
94572,3770
94582,3771
94595,3772
94606,3773
94618,3774
94662,3775
94710,3776
94807,3777
94915,3778
94930,3779
94947,3780
94960,3781
94975,3782
95004,3783
95013,3784
95026,3785
95039,3786
95052,3787
95064,3788
95077,3789
95115,3790
95125,3791
95135,3792
95152,3793
95164,3794
95201,3795
95211,3796
95225,3797
95236,3798
95251,3799
95297,3800
95312,3801
95323,3802
95335,3803
95347,3804
95358,3805
95370,3806
95381,3807
95401,3808
95415,3809
95425,3810
95436,3811
95449,3812
95460,3813
95470,3814
95487,3815
95511,3816
95531,3817
95546,3818
95556,3819
95569,3820
95603,3821
95613,3822
95624,3823
95634,3824
95645,3825
95659,3826
95669,3827
95679,3828
95689,3829
95701,3830
95722,3831
95757,3832
95812,3833
95821,3834
95830,3835
95840,3836
95865,3837
95914,3838
95926,3839
95939,3840
95949,3841
95960,3842
95972,3843
95982,3844
96003,3845
96017,3846
96029,3847
96041,3848
96055,3849
96067,3850
96079,3851
96092,3852
96105,3853
96116,3854
96126,3855
96140,3856
96152,3857
96337,3858
96710,3859
96722,3860
96737,3861
96748,3862
96760,3863
96771,3864
96783,3865
96796,3866
96809,3867
96819,3868
96836,3869
96848,3870
96861,3871
96960,3872
97009,3873
97020,3874
97031,3875
97041,3876
97055,3877
97068,3878
97101,3879
97113,3880
97124,3881
97136,3882
97148,3883
97209,3884
97219,3885
97230,3886
97252,3887
97281,3888
97298,3889
97311,3890
97329,3891
97344,3892
97360,3893
97371,3894
97385,3895
97403,3896
97414,3897
97431,3898
97443,3899
97455,3900
97467,3901
97481,3902
97495,3903
97522,3904
97533,3905
97544,3906
97625,3907
97639,3908
97712,3909
97737,3910
97759,3911
97819,3912
97835,3913
97846,3914
97867,3915
97883,3916
97908,3917
98003,3918
98014,3919
98028,3920
98039,3921
98045,3924
98068,3923
98089,3924
98101,4
98109,3925
98121,3926
98138,3927
98164,3928
98190,3929
98208,3930
98228,3931
98240,3932
98252,3933
98263,3934
98276,3935
98287,3936
98303,3937
98323,3938
98335,3939
98348,3940
98359,3941
98370,3942
98382,3943
98393,3944
98406,3945
98419,3946
98445,3947
98493,3948
98507,3949
98526,3950
98538,3951
98552,3952
98563,3953
98576,3954
98588,3955
98602,3956
98613,3957
98625,3958
98640,3959
98651,3960
98671,3961
98801,3962
98819,3963
98832,3964
98847,3965
98859,3966
98921,3967
98937,3968
98950,3969
99009,3970
99021,3971
99033,3972
99107,3973
99121,3974
99133,3975
99146,3976
99156,3977
99170,3978
99203,3979
99214,3980
99252,3981
99324,3982
99343,3983
99354,3984
99402,3985
99507,3986
99516,3987
99524,3988
99549,3989
99558,3990
99568,3991
99577,3992
99588,3993
99605,3994
99614,3995
99626,3996
99635,3997
99644,3998
99653,3999
99661,4000
99670,4001
99679,4002
99687,4003
99695,4004
99707,4005
99720,4006
99730,4007
99739,4008
99748,4009
99756,4010
99765,4011
99774,4012
99783,4013
99802,4014
99826,4015
99840,4016
99922,4017
99950,4018
